(2, 10) : 29.8655
(2.5, 10) : 30.745
(3, 10) : 30.4171
(3.5, 10) : 30.3856
(4, 10) : 29.9998
(4.5, 10) : 28.8514
(5, 10) : 28.8555
(5.5, 10) : 27.9575
(6, 10) : 27.043
(6.5, 10) : 27.9899
(7, 10) : 27.778
(7.5, 10) : 27.1876
(8, 10) : 27.7248
(8.5, 10) : 27.1252
(9, 10) : 26.7398
(9.5, 10) : 26.4356
(10, 10) : 26.5455
(2, 10.5) : 31.6037
(2.5, 10.5) : 30.1932
(3, 10.5) : 29.9457
(3.5, 10.5) : 29.2717
(4, 10.5) : 29.3014
(4.5, 10.5) : 29.3653
(5, 10.5) : 27.9149
(5.5, 10.5) : 28.8901
(6, 10.5) : 27.3846
(6.5, 10.5) : 28.5065
(7, 10.5) : 28.1511
(7.5, 10.5) : 27.2805
(8, 10.5) : 27.7547
(8.5, 10.5) : 26.4479
(9, 10.5) : 26.7615
(9.5, 10.5) : 26.25
(10, 10.5) : 26.156
(2, 11) : 30.7193
(2.5, 11) : 30.3065
(3, 11) : 30.5441
(3.5, 11) : 29.3483
(4, 11) : 29.5946
(4.5, 11) : 28.6752
(5, 11) : 27.9363
(5.5, 11) : 28.0065
(6, 11) : 27.7194
(6.5, 11) : 27.4485
(7, 11) : 27.7017
(7.5, 11) : 27.3955
(8, 11) : 26.7906
(8.5, 11) : 26.654
(9, 11) : 26.5965
(9.5, 11) : 27.5452
(10, 11) : 27.2087
(2, 11.5) : 30.7908
(2.5, 11.5) : 30.8257
(3, 11.5) : 30.5292
(3.5, 11.5) : 30.0726
(4, 11.5) : 29.7401
(4.5, 11.5) : 29.0049
(5, 11.5) : 27.5161
(5.5, 11.5) : 27.994
(6, 11.5) : 27.5945
(6.5, 11.5) : 27.1128
(7, 11.5) : 27.5667
(7.5, 11.5) : 27.4218
(8, 11.5) : 26.8571
(8.5, 11.5) : 27.1873
(9, 11.5) : 26.642
(9.5, 11.5) : 26.6296
(10, 11.5) : 26.9824
(2, 12) : 30.9308
(2.5, 12) : 30.5325
(3, 12) : 29.7146
(3.5, 12) : 30.2545
(4, 12) : 29.511
(4.5, 12) : 28.4754
(5, 12) : 28.8928
(5.5, 12) : 28.822
(6, 12) : 28.2078
(6.5, 12) : 27.5992
(7, 12) : 27.2028
(7.5, 12) : 26.7908
(8, 12) : 26.4709
(8.5, 12) : 26.4888
(9, 12) : 26.9275
(9.5, 12) : 25.7163
(10, 12) : 27.0543
(2, 12.5) : 30.4008
(2.5, 12.5) : 30.0952
(3, 12.5) : 30.6352
(3.5, 12.5) : 29.325
(4, 12.5) : 30.1858
(4.5, 12.5) : 28.3421
(5, 12.5) : 28.7165
(5.5, 12.5) : 27.3761
(6, 12.5) : 27.7557
(6.5, 12.5) : 27.7578
(7, 12.5) : 26.7735
(7.5, 12.5) : 27.9183
(8, 12.5) : 27.5396
(8.5, 12.5) : 27.1222
(9, 12.5) : 26.9605
(9.5, 12.5) : 26.7486
(10, 12.5) : 26.439
(2, 13) : 30.199
(2.5, 13) : 30.1703
(3, 13) : 29.4351
(3.5, 13) : 29.9343
(4, 13) : 29.0157
(4.5, 13) : 28.788
(5, 13) : 29.08
(5.5, 13) : 28.0215
(6, 13) : 27.5626
(6.5, 13) : 26.7105
(7, 13) : 27.6441
(7.5, 13) : 27.4151
(8, 13) : 26.7001
(8.5, 13) : 26.0144
(9, 13) : 27.219
(9.5, 13) : 26.5493
(10, 13) : 26.4633
(2, 13.5) : 31.1654
(2.5, 13.5) : 30.132
(3, 13.5) : 29.7649
(3.5, 13.5) : 30.1212
(4, 13.5) : 28.9156
(4.5, 13.5) : 28.7355
(5, 13.5) : 27.8796
(5.5, 13.5) : 28.5342
(6, 13.5) : 28.2051
(6.5, 13.5) : 27.4024
(7, 13.5) : 28.1468
(7.5, 13.5) : 27.5306
(8, 13.5) : 26.4897
(8.5, 13.5) : 27.2201
(9, 13.5) : 26.6735
(9.5, 13.5) : 26.9769
(10, 13.5) : 27.2161
(2, 14) : 31.0351
(2.5, 14) : 30.4034
(3, 14) : 30.06
(3.5, 14) : 29.6756
(4, 14) : 29.5278
(4.5, 14) : 28.4923
(5, 14) : 28.8522
(5.5, 14) : 28.603
(6, 14) : 26.8632
(6.5, 14) : 27.7336
(7, 14) : 27.8866
(7.5, 14) : 27.3094
(8, 14) : 26.8121
(8.5, 14) : 26.7434
(9, 14) : 26.6535
(9.5, 14) : 26.9853
(10, 14) : 26.1283
(2, 14.5) : 31.3705
(2.5, 14.5) : 30.3947
(3, 14.5) : 30.6449
(3.5, 14.5) : 29.7382
(4, 14.5) : 29.2654
(4.5, 14.5) : 28.7608
(5, 14.5) : 28.187
(5.5, 14.5) : 28.2593
(6, 14.5) : 27.6324
(6.5, 14.5) : 28.0309
(7, 14.5) : 26.9958
(7.5, 14.5) : 26.5196
(8, 14.5) : 26.8202
(8.5, 14.5) : 27.2683
(9, 14.5) : 26.3561
(9.5, 14.5) : 26.6674
(10, 14.5) : 26.503
(2, 15) : 30.7482
(2.5, 15) : 30.2278
(3, 15) : 30.6777
(3.5, 15) : 30.6346
(4, 15) : 28.9237
(4.5, 15) : 29.1536
(5, 15) : 28.3468
(5.5, 15) : 27.8257
(6, 15) : 27.9506
(6.5, 15) : 27.9226
(7, 15) : 28.1512
(7.5, 15) : 26.9995
(8, 15) : 27.0621
(8.5, 15) : 26.886
(9, 15) : 26.7018
(9.5, 15) : 27.0598
(10, 15) : 26.5805
(2, 15.5) : 31.4982
(2.5, 15.5) : 30.092
(3, 15.5) : 29.5419
(3.5, 15.5) : 29.4661
(4, 15.5) : 28.9559
(4.5, 15.5) : 28.82
(5, 15.5) : 28.2028
(5.5, 15.5) : 28.5219
(6, 15.5) : 28.1103
(6.5, 15.5) : 27.7096
(7, 15.5) : 27.9777
(7.5, 15.5) : 28.2163
(8, 15.5) : 27.0013
(8.5, 15.5) : 27.3449
(9, 15.5) : 26.6468
(9.5, 15.5) : 26.7888
(10, 15.5) : 26.1794
(2, 16) : 30.5004
(2.5, 16) : 30.6537
(3, 16) : 30.1591
(3.5, 16) : 29.9142
(4, 16) : 29.0656
(4.5, 16) : 29.3069
(5, 16) : 28.5737
(5.5, 16) : 28.2844
(6, 16) : 27.6307
(6.5, 16) : 28.1429
(7, 16) : 27.8284
(7.5, 16) : 27.1756
(8, 16) : 26.975
(8.5, 16) : 27.1772
(9, 16) : 27.0503
(9.5, 16) : 27.1532
(10, 16) : 27.2694
(2, 16.5) : 30.0968
(2.5, 16.5) : 30.9017
(3, 16.5) : 30.1416
(3.5, 16.5) : 30.7956
(4, 16.5) : 28.9411
(4.5, 16.5) : 28.7188
(5, 16.5) : 28.7334
(5.5, 16.5) : 28.1591
(6, 16.5) : 28.4374
(6.5, 16.5) : 27.1609
(7, 16.5) : 27.0941
(7.5, 16.5) : 27.6274
(8, 16.5) : 27.6654
(8.5, 16.5) : 27.5862
(9, 16.5) : 27.0586
(9.5, 16.5) : 27.2243
(10, 16.5) : 27.0635
(2, 17) : 31.0265
(2.5, 17) : 30.3316
(3, 17) : 29.6044
(3.5, 17) : 29.9768
(4, 17) : 29.7479
(4.5, 17) : 28.804
(5, 17) : 29.3748
(5.5, 17) : 28.4798
(6, 17) : 28.2123
(6.5, 17) : 27.66
(7, 17) : 26.8333
(7.5, 17) : 26.918
(8, 17) : 26.3516
(8.5, 17) : 27.1634
(9, 17) : 26.7061
(9.5, 17) : 26.522
(10, 17) : 26.076
(2, 17.5) : 30.8585
(2.5, 17.5) : 30.7534
(3, 17.5) : 30.5002
(3.5, 17.5) : 29.377
(4, 17.5) : 29.4845
(4.5, 17.5) : 28.7613
(5, 17.5) : 28.0435
(5.5, 17.5) : 28.6398
(6, 17.5) : 28.1556
(6.5, 17.5) : 27.5504
(7, 17.5) : 27.4801
(7.5, 17.5) : 26.9209
(8, 17.5) : 26.9698
(8.5, 17.5) : 26.9713
(9, 17.5) : 26.3033
(9.5, 17.5) : 26.9624
(10, 17.5) : 26.9798
(2, 18) : 30.3663
(2.5, 18) : 30.6347
(3, 18) : 29.8553
(3.5, 18) : 29.5439
(4, 18) : 29.9079
(4.5, 18) : 29.6075
(5, 18) : 28.5371
(5.5, 18) : 28.2405
(6, 18) : 27.8641
(6.5, 18) : 28.0023
(7, 18) : 27.4923
(7.5, 18) : 26.9377
(8, 18) : 27.1194
(8.5, 18) : 26.302
(9, 18) : 26.4649
(9.5, 18) : 27.0298
(10, 18) : 26.7132
(2, 18.5) : 31.0592
(2.5, 18.5) : 30.0906
(3, 18.5) : 30.4336
(3.5, 18.5) : 30.0021
(4, 18.5) : 29.0805
(4.5, 18.5) : 28.3186
(5, 18.5) : 28.8797
(5.5, 18.5) : 28.2887
(6, 18.5) : 27.3603
(6.5, 18.5) : 27.7852
(7, 18.5) : 28.2241
(7.5, 18.5) : 26.7426
(8, 18.5) : 26.6329
(8.5, 18.5) : 27.8436
(9, 18.5) : 26.3917
(9.5, 18.5) : 26.9844
(10, 18.5) : 26.5594
(2, 19) : 30.5306
(2.5, 19) : 30.97
(3, 19) : 30.503
(3.5, 19) : 30.4338
(4, 19) : 29.1471
(4.5, 19) : 29.8433
(5, 19) : 28.5933
(5.5, 19) : 27.6895
(6, 19) : 28.4112
(6.5, 19) : 27.8511
(7, 19) : 27.8162
(7.5, 19) : 27.5019
(8, 19) : 26.7403
(8.5, 19) : 27.2547
(9, 19) : 26.5578
(9.5, 19) : 26.4033
(10, 19) : 26.3724
(2, 19.5) : 30.5498
(2.5, 19.5) : 30.4715
(3, 19.5) : 30.8169
(3.5, 19.5) : 30.1915
(4, 19.5) : 28.6496
